%YAML:1.0
---
samples: !!opencv-matrix
   rows: 110
   cols: 100
   dt: f
   data: [ 0., 0., 0., 255., 255., 255., 255., 255., 0., 0., 0., 13.,
       255., 255., 221., 26., 255., 255., 255., 0., 0., 255., 255., 198.,
       0., 0., 140., 255., 255., 89., 89., 255., 255., 140., 0., 0., 0.,
       255., 255., 106., 255., 255., 255., 140., 0., 0., 0., 255., 255.,
       255., 255., 255., 255., 140., 0., 0., 0., 255., 255., 255., 255.,
       255., 255., 14., 0., 0., 140., 255., 255., 255., 89., 255., 255.,
       198., 0., 0., 255., 255., 255., 0., 0., 255., 255., 255., 255.,
       255., 255., 255., 254., 0., 0., 0., 57., 255., 255., 255., 255.,
       57., 0., 0., 0., 0., 0., 255., 255., 255., 255., 64., 0., 0., 0.,
       191., 255., 255., 255., 255., 255., 255., 255., 0., 0., 255.,
       255., 255., 0., 0., 255., 255., 255., 64., 64., 255., 255., 0.,
       0., 0., 0., 255., 255., 64., 255., 255., 255., 0., 0., 0., 0.,
       255., 255., 255., 255., 255., 255., 0., 0., 0., 0., 255., 255.,
       255., 255., 255., 255., 0., 0., 0., 255., 255., 255., 64., 64.,
       255., 255., 64., 0., 0., 255., 255., 255., 0., 0., 255., 255.,
       255., 255., 255., 255., 255., 191., 0., 0., 0., 255., 255., 255.,
       255., 255., 0., 0., 0., 0., 0., 0., 255., 255., 255., 255., 255.,
       255., 255., 255., 255., 255., 255., 255., 255., 255., 255., 255.,
       255., 115., 204., 0., 0., 102., 255., 255., 255., 255., 255., 0.,
       0., 0., 0., 102., 255., 255., 255., 255., 153., 0., 0., 0., 0.,
       102., 255., 255., 255., 255., 153., 0., 0., 0., 0., 255., 255.,
       255., 255., 255., 153., 0., 0., 0., 0., 255., 255., 255., 255.,
       255., 153., 0., 0., 0., 0., 255., 255., 255., 255., 255., 38., 0.,
       0., 0., 0., 255., 255., 255., 255., 255., 0., 0., 0., 0., 0.,
       255., 255., 255., 255., 255., 0., 0., 0., 0., 255., 255., 255.,
       255., 124., 0., 0., 0., 206., 255., 255., 255., 122., 255., 255.,
       255., 0., 0., 255., 255., 214., 0., 0., 89., 255., 255., 242.,
       242., 255., 255., 89., 0., 0., 89., 255., 255., 242., 255., 255.,
       255., 89., 0., 0., 0., 255., 255., 255., 255., 255., 255., 89.,
       0., 0., 0., 255., 255., 255., 146., 255., 255., 0., 0., 0., 166.,
       255., 255., 242., 61., 255., 255., 255., 0., 0., 255., 255., 255.,
       0., 0., 217., 255., 255., 255., 255., 255., 255., 206., 0., 0.,
       0., 166., 255., 255., 255., 224., 41., 0., 0., 0., 0., 0., 0.,
       229., 255., 255., 255., 255., 255., 221., 255., 255., 255., 255.,
       255., 255., 255., 255., 255., 0., 210., 159., 19., 0., 255., 255.,
       255., 255., 255., 0., 0., 0., 0., 0., 255., 255., 255., 255.,
       255., 0., 0., 0., 0., 0., 255., 255., 255., 255., 140., 0., 0.,
       0., 0., 0., 255., 255., 255., 255., 140., 0., 0., 0., 0., 0.,
       255., 255., 255., 255., 140., 0., 0., 0., 0., 0., 255., 255.,
       255., 255., 140., 0., 0., 0., 0., 0., 255., 255., 255., 255.,
       140., 0., 0., 0., 0., 242., 255., 255., 255., 255., 140., 0., 0.,
       0., 255., 255., 255., 255., 115., 0., 0., 0., 156., 255., 255.,
       255., 255., 255., 255., 255., 0., 0., 255., 255., 255., 0., 0.,
       255., 255., 255., 204., 255., 255., 255., 102., 0., 0., 87., 255.,
       255., 255., 255., 255., 255., 0., 0., 0., 102., 255., 255., 204.,
       255., 255., 255., 0., 0., 0., 102., 255., 255., 206., 255., 255.,
       255., 0., 0., 0., 102., 255., 255., 255., 204., 255., 255., 255.,
       0., 0., 255., 255., 255., 51., 0., 255., 255., 255., 237., 237.,
       255., 255., 156., 0., 0., 0., 115., 255., 255., 255., 255., 115.,
       0., 0., 0., 69., 255., 255., 255., 255., 255., 255., 0., 0., 0.,
       255., 255., 255., 255., 255., 255., 255., 255., 69., 0., 0., 0.,
       0., 0., 0., 229., 255., 255., 255., 0., 0., 0., 0., 0., 0., 229.,
       255., 255., 237., 0., 0., 0., 0., 0., 0., 255., 255., 255., 23.,
       0., 0., 0., 0., 0., 255., 255., 255., 161., 0., 0., 0., 0., 25.,
       255., 255., 255., 13., 0., 0., 0., 0., 255., 255., 255., 217., 0.,
       0., 0., 0., 94., 255., 255., 255., 255., 255., 255., 255., 255.,
       255., 255., 255., 255., 255., 255., 255., 255., 255., 255., 255.,
       0., 0., 0., 168., 255., 255., 255., 255., 255., 255., 255., 255.,
       255., 255., 255., 255., 255., 255., 255., 140., 0., 0., 0., 0.,
       255., 255., 255., 255., 255., 0., 0., 0., 0., 0., 255., 255.,
       255., 255., 255., 0., 0., 0., 0., 0., 255., 255., 255., 255.,
       255., 0., 0., 0., 0., 0., 255., 255., 255., 255., 255., 115., 0.,
       0., 0., 31., 255., 255., 255., 255., 89., 115., 0., 0., 0., 38.,
       255., 255., 255., 255., 255., 115., 0., 0., 0., 38., 255., 255.,
       255., 255., 89., 115., 0., 0., 0., 38., 255., 255., 255., 255.,
       89., 0., 0., 0., 38., 255., 255., 255., 255., 255., 0., 0., 0.,
       227., 255., 255., 255., 255., 255., 255., 227., 0., 153., 255.,
       255., 217., 38., 0., 255., 255., 255., 153., 255., 255., 255.,
       204., 0., 0., 194., 255., 255., 255., 255., 255., 255., 204., 0.,
       0., 0., 255., 255., 255., 255., 255., 255., 204., 0., 0., 0.,
       255., 255., 153., 255., 255., 255., 204., 0., 0., 194., 255.,
       255., 153., 115., 255., 255., 217., 0., 0., 255., 255., 204.,
       153., 0., 227., 255., 255., 255., 255., 255., 255., 204., 0., 0.,
       0., 38., 255., 255., 255., 255., 38., 0., 0., 0., 255., 255.,
       255., 255., 255., 255., 255., 115., 0., 0., 255., 255., 255.,
       255., 255., 255., 255., 255., 255., 0., 0., 0., 0., 0., 0., 242.,
       255., 255., 255., 0., 0., 0., 0., 0., 0., 242., 255., 255., 255.,
       0., 0., 0., 0., 0., 0., 255., 255., 255., 0., 0., 0., 0., 0., 89.,
       255., 255., 255., 0., 0., 0., 0., 0., 255., 255., 255., 255., 0.,
       0., 0., 0., 0., 255., 255., 255., 255., 0., 0., 0., 0., 38., 255.,
       255., 255., 255., 255., 255., 255., 255., 255., 255., 255., 255.,
       255., 255., 255., 255., 255., 255., 255., 0., 0., 0., 106., 255.,
       255., 255., 255., 255., 255., 255., 255., 255., 255., 255., 255.,
       255., 255., 255., 255., 19., 236., 255., 64., 198., 255., 255.,
       255., 255., 255., 0., 0., 0., 0., 0., 255., 255., 255., 255., 76.,
       0., 0., 0., 0., 27., 255., 255., 255., 255., 76., 0., 0., 0., 0.,
       179., 255., 255., 255., 255., 76., 0., 0., 0., 0., 178., 255.,
       255., 255., 255., 255., 0., 0., 0., 0., 178., 255., 255., 255.,
       255., 255., 0., 0., 0., 0., 178., 255., 255., 255., 255., 255.,
       0., 0., 0., 0., 179., 255., 255., 255., 255., 255., 0., 0., 198.,
       255., 255., 255., 255., 255., 0., 0., 0., 255., 255., 255., 255.,
       255., 255., 255., 255., 221., 0., 70., 0., 0., 0., 0., 255., 255.,
       255., 255., 0., 0., 0., 0., 0., 0., 255., 255., 255., 255., 0.,
       0., 0., 0., 0., 27., 255., 255., 255., 217., 0., 0., 0., 0., 116.,
       255., 255., 255., 174., 0., 0., 0., 0., 255., 255., 255., 255.,
       64., 0., 0., 0., 70., 255., 255., 255., 255., 0., 0., 0., 0.,
       229., 255., 255., 255., 255., 255., 255., 255., 255., 255., 255.,
       255., 255., 255., 255., 255., 255., 255., 255., 255., 0., 0., 13.,
       109., 255., 255., 255., 255., 255., 255., 81., 255., 255., 255.,
       255., 255., 255., 255., 255., 255., 0., 115., 255., 230., 191.,
       255., 255., 255., 255., 255., 0., 0., 0., 0., 0., 255., 255.,
       255., 255., 255., 0., 0., 0., 0., 0., 255., 255., 255., 255.,
       255., 0., 0., 0., 0., 0., 255., 255., 255., 255., 255., 0., 0.,
       0., 0., 0., 255., 255., 255., 255., 255., 0., 0., 0., 0., 0.,
       255., 255., 255., 255., 255., 0., 0., 0., 0., 0., 255., 255.,
       255., 255., 255., 0., 0., 0., 0., 0., 255., 255., 255., 255., 61.,
       0., 89., 255., 255., 255., 255., 255., 255., 0., 0., 0., 252.,
       255., 255., 245., 255., 255., 255., 255., 3., 0., 0., 0., 0., 0.,
       0., 255., 255., 255., 64., 0., 0., 0., 0., 0., 191., 255., 255.,
       255., 0., 0., 0., 255., 255., 255., 255., 255., 92., 0., 0., 0.,
